011000 1
    000000 0 000000000010110
        000100 01010
        101100 01011
    001000 1 00000000010
        000100 01100
        011100 0110100
   
   
   
   
   10000000001000000000000000000101100001000101010110001011001000100000000010000100011000111000110100 
         10000000001000000000000000000101100001000101010110001011001000100000000010000100011000111000110100
0110
0010
0000
0000
1000
0000
0000
0000
0001
0110
0001
0001
0101
0110
0010
1100
1000
1000
0000
0010
0001
0001
1000
1110
0011
0100